#FIG 3.2
Portrait
Center
Inches
Letter  
100.00
Single
-2
1200 2
6 2700 3900 4350 5400
2 2 0 1 0 7 50 0 -1 0.000 0 0 -1 0 0 5
	 2700 3900 4275 3900 4275 5400 2700 5400 2700 3900
4 0 0 50 0 2 14 0.0000 4 150 1635 2700 4725 UDP Nh Instance\001
-6
6 6450 3825 8100 5325
2 2 0 1 0 7 50 0 -1 0.000 0 0 -1 0 0 5
	 6450 3825 8025 3825 8025 5325 6450 5325 6450 3825
4 0 0 50 0 2 14 0.0000 4 150 1635 6450 4650 UDP Nh Instance\001
-6
6 2700 1350 4275 2700
2 2 0 1 0 7 50 0 -1 0.000 0 0 -1 0 0 5
	 2700 1350 4275 1350 4275 2700 2700 2700 2700 1350
4 0 0 50 0 2 14 0.0000 4 195 1575 2700 2100 User Application\001
-6
6 6450 1275 8025 2625
2 2 0 1 0 7 50 0 -1 0.000 0 0 -1 0 0 5
	 6450 1275 8025 1275 8025 2625 6450 2625 6450 1275
4 0 0 50 0 2 14 0.0000 4 195 1575 6450 2025 User Application\001
-6
6 225 3150 1650 6150
2 2 0 1 0 7 50 0 -1 0.000 0 0 -1 0 0 5
	 225 3450 1350 3450 1350 6150 225 6150 225 3450
2 1 0 1 0 7 50 0 -1 0.000 0 0 -1 0 0 5
	 375 3450 375 3300 1500 3300 1500 6000 1350 6000
2 1 0 1 0 7 50 0 -1 0.000 0 0 -1 0 0 5
	 525 3300 525 3150 1650 3150 1650 5850 1500 5850
-6
2 2 0 1 0 7 50 0 -1 0.000 0 0 -1 0 0 5
	 8925 3075 9975 3075 9975 5925 8925 5925 8925 3075
2 1 0 1 0 7 50 0 -1 0.000 0 0 -1 1 1 2
	2 1 1.00 60.00 120.00
	2 1 1.00 60.00 120.00
	 3450 2700 3450 3900
2 1 0 1 0 7 50 0 -1 0.000 0 0 -1 1 1 2
	2 1 1.00 60.00 120.00
	2 1 1.00 60.00 120.00
	 3450 2700 7275 3825
2 1 0 1 0 7 50 0 -1 0.000 0 0 -1 1 1 2
	2 1 1.00 60.00 120.00
	2 1 1.00 60.00 120.00
	 7275 2625 7275 3825
2 1 0 1 0 7 50 0 -1 0.000 0 0 -1 1 1 2
	2 1 1.00 60.00 120.00
	2 1 1.00 60.00 120.00
	 7275 2625 3525 3900
2 2 0 1 0 7 50 0 -1 0.000 0 0 -1 0 0 5
	 2550 6000 8400 6000 8400 7275 2550 7275 2550 6000
2 1 0 1 0 7 50 0 -1 0.000 0 0 -1 1 1 2
	2 1 1.00 60.00 120.00
	2 1 1.00 60.00 120.00
	 3450 5400 3450 6000
2 1 0 1 0 7 50 0 -1 0.000 0 0 -1 1 1 2
	2 1 1.00 60.00 120.00
	2 1 1.00 60.00 120.00
	 7200 5325 7200 6000
2 1 0 1 0 7 50 0 -1 0.000 0 0 -1 0 1 2
	2 1 1.00 60.00 120.00
	 1500 5025 2700 5025
2 1 0 1 0 7 50 0 -1 0.000 0 0 -1 1 1 2
	2 1 1.00 60.00 120.00
	2 1 1.00 60.00 120.00
	 1500 4200 2700 4200
2 1 0 1 0 7 50 0 -1 0.000 0 0 -1 1 0 2
	2 1 1.00 60.00 120.00
	 4275 5025 6450 5025
2 1 0 1 0 7 50 0 -1 0.000 0 0 -1 1 1 3
	2 1 1.00 60.00 120.00
	2 1 1.00 60.00 120.00
	 8025 5025 8925 5025 8925 5025
2 1 0 1 0 7 50 0 -1 0.000 0 0 -1 0 1 2
	2 1 1.00 60.00 120.00
	 4275 4200 6450 4200
2 1 0 1 0 7 50 0 -1 0.000 0 0 -1 1 0 2
	2 1 1.00 60.00 120.00
	 8025 4200 8925 4200
2 2 0 1 0 7 50 0 -1 0.000 0 0 -1 0 0 5
	 75 75 10125 75 10125 7800 75 7800 75 75
4 0 0 50 0 2 14 0.0000 4 150 1305 4725 6750 UDP Services\001
4 0 0 50 0 2 14 0.0000 4 30 1620 4500 4650 . . . . . . . . . . . . . .\001
4 0 0 50 0 2 14 0.0000 4 30 1680 4500 2100 . . . . . . . . . . . . . . \001
4 0 0 50 0 2 14 1.5708 4 195 1965 900 5625 System Management\001
4 0 0 50 0 2 14 4.7124 4 150 1620 9375 3675 Software Utilities\001
4 0 0 50 0 2 14 0.0000 4 150 225 3750 3300 UI\001
4 0 0 50 0 2 14 0.0000 4 150 225 7500 3300 UI\001
4 0 0 50 0 2 14 0.0000 4 150 285 1875 4650 MI\001
4 0 0 50 0 2 14 0.0000 4 150 360 8325 4650 SUI\001
4 0 0 50 0 2 14 0.0000 4 150 225 3750 5775 SI\001
4 0 0 50 0 2 14 0.0000 4 150 225 7350 5775 SI\001
